 Time(min)     Impurity(mg/L)
 0.000000     79.296161  
 1.000000     78.928912  
 2.000000     78.296750  
 3.000000     77.705870  
 4.000000     77.841320  
 5.000000     78.032410  
 6.000000     78.961439  
 7.000000     79.267793  
 8.000000     79.765606  
 9.000000     80.072746  
 10.000000    80.568176  
 11.000000    81.490789  
 12.000000    80.507566  
 13.000000    79.720454  
 14.000000    79.317862  
 15.000000    79.630684  
 16.000000    80.250309  
 17.000000    80.994661  
 18.000000    81.923956  
 19.000000    82.371327  
 20.000000    82.656278  
 21.000000    83.091185  
 22.000000    83.026383  
 23.000000    82.677552  
 24.000000    82.556841  
 25.000000    83.016220  
 26.000000    84.004249  
 27.000000    84.357996  
 28.000000    84.939641  
 29.000000    84.281470  
 30.000000    83.335168  
 31.000000    83.935909  
 32.000000    84.743354  
 33.000000    83.792706  
 34.000000    83.776201  
 35.000000    83.828711  
 36.000000    84.021443  
 37.000000    83.125358  
 38.000000    83.915537  
 39.000000    84.372070  
 40.000000    85.008770  
 41.000000    85.009215  
 42.000000    85.629594  
 43.000000    84.821531  
 44.000000    84.259431  
 45.000000    83.776869  
 46.000000    83.713081  
 47.000000    83.631827  
 48.000000    84.050847  
 49.000000    83.406953  
 50.000000    83.469853  
 51.000000    82.805337  
 52.000000    83.342965  
 53.000000    84.199306  
 54.000000    84.418293  
 55.000000    83.718660  
 56.000000    83.697914  
 57.000000    83.452604  
 58.000000    84.149807  
 59.000000    84.972001  
 60.000000    84.739698  
 61.000000    84.370690  
 62.000000    84.507479  
 63.000000    83.883115  
 64.000000    83.134798  
 65.000000    83.509989  
 66.000000    84.109203  
 67.000000    84.256276  
 68.000000    85.202736  
 69.000000    85.470845  
 70.000000    86.247688  
 71.000000    86.238518  
 72.000000    85.941751  
 73.000000    86.370211  
 74.000000    86.378070  
 75.000000    85.829345  
 76.000000    85.319294  
 77.000000    85.904895  
 78.000000    85.895240  
 79.000000    86.725427  
 80.000000    87.616171  
 81.000000    87.682635  
 82.000000    87.187621  
 83.000000    87.629345  
 84.000000    87.364222  
 85.000000    87.361519  
 86.000000    86.814669  
 87.000000    86.521800  
 88.000000    86.823504  
 89.000000    86.449370  
 90.000000    86.986841  
 91.000000    87.550515  
 92.000000    88.255334  
 93.000000    89.155145  
 94.000000    88.369791  
 95.000000    89.191242  
 96.000000    88.863352  
 97.000000    89.516113  
 98.000000    90.312314  
 99.000000    89.397745  
 100.000000   88.789335  
 101.000000   88.378338  
 102.000000   88.632337  
 103.000000   87.804784  
 104.000000   87.090674  
 105.000000   87.122327  
 106.000000   87.501009  
 107.000000   88.214261  
 108.000000   88.508984  
 109.000000   88.672222  
 110.000000   89.094454  
 111.000000   88.599287  
 112.000000   89.399607  
 113.000000   89.284194  
 114.000000   88.325236  
 115.000000   89.244558  
 116.000000   89.549009  
 117.000000   89.575421  
 118.000000   89.940134  
 119.000000   89.919215  
 120.000000   90.772195  
 121.000000   90.803955  
 122.000000   89.948274  
 123.000000   90.083291  
 124.000000   90.313777  
 125.000000   91.196870  
 126.000000   91.027597  
 127.000000   90.556476  
 128.000000   89.751263  
 129.000000   89.722951  
 130.000000   89.652277  
 131.000000   88.711796  
 132.000000   89.100351  
 133.000000   89.534245  
 134.000000   89.993868  
 135.000000   89.822570  
 136.000000   88.852767  
 137.000000   89.670718  
 138.000000   90.249475  
 139.000000   89.579873  
 140.000000   89.205445  
 141.000000   89.427336  
 142.000000   89.156317  
 143.000000   88.468394  
 144.000000   87.823001  
 145.000000   88.558781  
 146.000000   88.138970  
 147.000000   88.309329  
 148.000000   88.217319  
 149.000000   88.039675  
 150.000000   88.804944  
 151.000000   89.190360  
 152.000000   88.748907  
 153.000000   87.877787  
 154.000000   87.275035  
 155.000000   88.138400  
 156.000000   88.847227  
 157.000000   89.756697  
 158.000000   88.861203  
 159.000000   89.020147  
 160.000000   88.981139  
 161.000000   88.024557  
 162.000000   87.771798  
 163.000000   87.599982  
 164.000000   87.807796  
 165.000000   88.151294  
 166.000000   88.829025  
 167.000000   89.388078  
 168.000000   89.189480  
 169.000000   89.778538  
 170.000000   90.564787  
 171.000000   90.089766  
 172.000000   91.068160  
 173.000000   91.774774  
 174.000000   92.237729  
 175.000000   91.948860  
 176.000000   92.715439  
 177.000000   93.451357  
 178.000000   94.362890  
 179.000000   93.363104  
 180.000000   92.396186  
 181.000000   92.024327  
 182.000000   93.014959  
 183.000000   92.312647  
 184.000000   91.647402  
 185.000000   92.164546  
 186.000000   91.303605  
 187.000000   91.714552  
 188.000000   91.652882  
 189.000000   90.673259  
 190.000000   91.222907  
 191.000000   91.811309  
 192.000000   91.110448  
 193.000000   90.157855  
 194.000000   90.681982  
 195.000000   90.129323  
 196.000000   89.653672  
 197.000000   89.567411  
 198.000000   89.067264  
 199.000000   89.203831  
 200.000000   89.897717  
 201.000000   89.653917  
 202.000000   89.518847  
 203.000000   90.184085  
 204.000000   89.926349  
 205.000000   89.007456  
 206.000000   89.116799  
 207.000000   89.019291  
 208.000000   89.469893  
 209.000000   89.226794  
 210.000000   89.908119  
 211.000000   89.846748  
 212.000000   89.972035  
 213.000000   90.294434  
 214.000000   90.218918  
 215.000000   90.466192  
 216.000000   89.909953  
 217.000000   90.375679  
 218.000000   90.139043  
 219.000000   89.528712  
 220.000000   89.071038  
 221.000000   88.569488  
 222.000000   87.873766  
 223.000000   88.416513  
 224.000000   87.927337  
 225.000000   87.182424  
 226.000000   87.512758  
 227.000000   87.338368  
 228.000000   87.673904  
 229.000000   87.993531  
 230.000000   87.604286  
 231.000000   87.006734  
 232.000000   86.450789  
 233.000000   85.690730  
 234.000000   84.765021  
 235.000000   83.833284  
 236.000000   83.294277  
 237.000000   82.750985  
 238.000000   83.000806  
 239.000000   83.785929  
 240.000000   84.345385  
 241.000000   84.788287  
 242.000000   84.409171  
 243.000000   84.135338  
 244.000000   83.527502  
 245.000000   84.398485  
 246.000000   84.521953  
 247.000000   85.156536  
 248.000000   84.854364  
 249.000000   85.453793  
 250.000000   84.662002  
 251.000000   85.086242  
 252.000000   85.921139  
 253.000000   86.528310  
 254.000000   86.182536  
 255.000000   85.692751  
 256.000000   85.682755  
 257.000000   85.509977  
 258.000000   85.359851  
 259.000000   84.508608  
 260.000000   84.715389  
 261.000000   85.209788  
 262.000000   85.804941  
 263.000000   85.567942  
 264.000000   86.162258  
 265.000000   86.105853  
 266.000000   86.548651  
 267.000000   85.927077  
 268.000000   85.796268  
 269.000000   86.443204  
 270.000000   87.095750  
 271.000000   86.474801  
 272.000000   85.515005  
 273.000000   85.921988  
 274.000000   85.616528  
 275.000000   85.455536  
 276.000000   85.991713  
 277.000000   86.917469  
 278.000000   87.702600  
 279.000000   86.972485  
 280.000000   87.568094  
 281.000000   87.932275  
 282.000000   87.992381  
 283.000000   88.724344  
 284.000000   89.230841  
 285.000000   88.417246  
 286.000000   88.076125  
 287.000000   87.900850  
 288.000000   86.902779  
 289.000000   87.097906  
 290.000000   87.463029  
 291.000000   87.195591  
 292.000000   86.988589  
 293.000000   86.939307  
 294.000000   87.101467  
 295.000000   86.375741  
 296.000000   87.374569  
 297.000000   87.389224  
 298.000000   87.375357  
 299.000000   86.749107  
 300.000000   86.341283  
 301.000000   86.938313  
 302.000000   86.527869  
 303.000000   86.922113  
 304.000000   86.468031  
 305.000000   87.293088  
 306.000000   86.890166  
 307.000000   87.669886  
 308.000000   88.563331  
 309.000000   87.901156  
 310.000000   87.619739  
 311.000000   87.984094  
 312.000000   88.826878  
 313.000000   88.116726  
 314.000000   87.316475  
 315.000000   87.139681  
 316.000000   88.089931  
 317.000000   87.172944  
 318.000000   86.546773  
 319.000000   86.764309  
 320.000000   85.938746  
 321.000000   85.571323  
 322.000000   85.791594  
 323.000000   85.193984  
 324.000000   85.577779  
 325.000000   85.067033  
 326.000000   85.427776  
 327.000000   85.399652  
 328.000000   84.920642  
 329.000000   84.486122  
 330.000000   85.297025  
 331.000000   84.848711  
 332.000000   85.531007  
 333.000000   84.923856  
 334.000000   84.585022  
 335.000000   85.478282  
 336.000000   85.490426  
 337.000000   85.297258  
 338.000000   84.351381  
 339.000000   84.594928  
 340.000000   84.289625  
 341.000000   83.843224  
 342.000000   82.971333  
 343.000000   82.640114  
 344.000000   81.775534  
 345.000000   80.783183  
 346.000000   79.865118  
 347.000000   79.563028  
 348.000000   78.746936  
 349.000000   78.787568  
 350.000000   78.219068  
 351.000000   79.202401  
 352.000000   78.736775  
 353.000000   79.097111  
 354.000000   79.149603  
 355.000000   79.029449  
 356.000000   79.352560  
 357.000000   78.622130  
 358.000000   79.197828  
 359.000000   78.473784  
 360.000000   78.739630  
 361.000000   78.166961  
 362.000000   77.213712  
 363.000000   77.467580  
 364.000000   77.751907  
 365.000000   78.036114  
 366.000000   78.765356  
 367.000000   78.439758  
 368.000000   78.261675  
 369.000000   78.482312  
 370.000000   79.363999  
 371.000000   78.668153  
 372.000000   78.036269  
 373.000000   77.345146  
 374.000000   77.770795  
 375.000000   78.626761  
 376.000000   78.472135  
 377.000000   78.562490  
 378.000000   78.207268  
 379.000000   77.528677  
 380.000000   77.934981  
 381.000000   78.395478  
 382.000000   79.316287  
 383.000000   79.057268  
 384.000000   79.490665  
 385.000000   80.462787  
 386.000000   79.684323  
 387.000000   80.200780  
 388.000000   79.515888  
 389.000000   80.148758  
 390.000000   80.256972  
 391.000000   80.420392  
 392.000000   81.292683  
 393.000000   81.161379  
 394.000000   81.139633  
 395.000000   81.471894  
 396.000000   81.732202  
 397.000000   80.992611  
 398.000000   80.700299  
 399.000000   80.970546  
 400.000000   81.808458  
 401.000000   80.990991  
 402.000000   80.133156  
 403.000000   79.960579  
 404.000000   79.391861  
 405.000000   79.431258  
 406.000000   79.548286  
 407.000000   79.495687  
 408.000000   78.927431  
 409.000000   78.406309  
 410.000000   77.839785  
 411.000000   78.151166  
 412.000000   78.843953  
 413.000000   79.704882  
 414.000000   80.305493  
 415.000000   80.666944  
 416.000000   80.081458  
 417.000000   80.564778  
 418.000000   80.958587  
 419.000000   80.722106  
 420.000000   81.422344  
 421.000000   81.478567  
 422.000000   82.264585  
 423.000000   82.905703  
 424.000000   82.362861  
 425.000000   83.004109  
 426.000000   82.281232  
 427.000000   82.246167  
 428.000000   81.543788  
 429.000000   81.440376  
 430.000000   81.772289  
 431.000000   82.350354  
 432.000000   82.674395  
 433.000000   83.097420  
 434.000000   83.873267  
 435.000000   83.156618  
 436.000000   82.451758  
 437.000000   82.103620  
 438.000000   81.167367  
 439.000000   81.542893  
 440.000000   82.072353  
 441.000000   81.772372  
 442.000000   82.004387  
 443.000000   82.921387  
 444.000000   82.503492  
 445.000000   82.876849  
 446.000000   81.961306  
 447.000000   81.086313  
 448.000000   81.715110  
 449.000000   81.588347  
 450.000000   81.372484  
 451.000000   81.033779  
 452.000000   80.949097  
 453.000000   81.619801  
 454.000000   81.553339  
 455.000000   81.395911  
 456.000000   81.537614  
 457.000000   82.015726  
 458.000000   81.125893  
 459.000000   81.374254  
 460.000000   81.616375  
 461.000000   80.618596  
 462.000000   80.824383  
 463.000000   79.904754  
 464.000000   80.076254  
 465.000000   79.973013  
 466.000000   79.680474  
 467.000000   80.547524  
 468.000000   80.082036  
 469.000000   79.644635  
 470.000000   79.654447  
 471.000000   79.948059  
 472.000000   80.889206  
 473.000000   79.960957  
 474.000000   79.807357  
 475.000000   79.983981  
 476.000000   80.447385  
 477.000000   79.798407  
 478.000000   79.819485  
 479.000000   79.820054  
 480.000000   80.605589  
