########################################
# Reactor 1 Data
########################################
 Time(min)    Impurity(mg/L)
 0.000000     79.841759  
 1.000000     80.049387  
 2.000000     80.568636  
 3.000000     80.937670  
 4.000000     81.802502  
 5.000000     82.702073  
 6.000000     83.682295  
 7.000000     82.934606  
 8.000000     83.887807  
 9.000000     83.346019  
 10.000000    82.718132  
 11.000000    82.736555  
 12.000000    82.797550  
 13.000000    82.362828  
 14.000000    81.983151  
 15.000000    81.602920  
 16.000000    81.135698  
 17.000000    81.322560  
 18.000000    80.756829  
 19.000000    80.561595  
 20.000000    80.138717  
 21.000000    79.486399  
 22.000000    78.937826  
 23.000000    79.915109  
 24.000000    79.783212  
 25.000000    80.439590  
 26.000000    80.584616  
 27.000000    80.888416  
 28.000000    81.347893  
 29.000000    81.130460  
 30.000000    80.916185  
 31.000000    81.635287  
 32.000000    82.255327  
 33.000000    82.928414  
 34.000000    82.304390  
 35.000000    82.023584  
 36.000000    81.987552  
 37.000000    82.919697  
 38.000000    83.046323  
 39.000000    83.701333  
 40.000000    82.853548  
 41.000000    82.959824  
 42.000000    83.055705  
 43.000000    83.866592  
 44.000000    83.605570  
 45.000000    84.407895  
 46.000000    83.689157  
 47.000000    82.887504  
 48.000000    83.833871  
 49.000000    84.717961  
 50.000000    84.899855  
 51.000000    84.003771  
 52.000000    83.104074  
 53.000000    82.753278  
 54.000000    82.504778  
 55.000000    83.033076  
 56.000000    83.751608  
 57.000000    83.843025  
 58.000000    83.490735  
 59.000000    83.302364  
 60.000000    82.521700  
 61.000000    81.796283  
 62.000000    82.287061  
 63.000000    83.039892  
 64.000000    82.557870  
 65.000000    82.929074  
 66.000000    82.647297  
 67.000000    81.659331  
 68.000000    82.181693  
 69.000000    82.009737  
 70.000000    81.677521  
 71.000000    81.233607  
 72.000000    81.418636  
 73.000000    81.068837  
 74.000000    81.942448  
 75.000000    81.134414  
 76.000000    81.901005  
 77.000000    82.037041  
 78.000000    81.160888  
 79.000000    81.910865  
 80.000000    81.360570  
 81.000000    81.959337  
 82.000000    82.563087  
 83.000000    81.620996  
 84.000000    81.875194  
 85.000000    82.084473  
 86.000000    81.240888  
 87.000000    81.786795  
 88.000000    81.073428  
 89.000000    81.000797  
 90.000000    80.195019  
 91.000000    80.334727  
 92.000000    80.142261  
 93.000000    80.315418  
 94.000000    80.812831  
 95.000000    81.592059  
 96.000000    81.350839  
 97.000000    80.935712  
 98.000000    80.954292  
 99.000000    81.019919  
 100.000000   80.230762  
 101.000000   79.322644  
 102.000000   79.566631  
 103.000000   80.211521  
 104.000000   79.321648  
 105.000000   79.917595  
 106.000000   79.406084  
 107.000000   80.013160  
 108.000000   79.609510  
 109.000000   79.544052  
 110.000000   80.409691  
 111.000000   81.229205  
 112.000000   80.489060  
 113.000000   80.548056  
 114.000000   80.786387  
 115.000000   81.035618  
 116.000000   81.329235  
 117.000000   80.993388  
 118.000000   80.221833  
 119.000000   80.364042  
 120.000000   79.968025  
 121.000000   79.355036  
 122.000000   79.484448  
 123.000000   79.705413  
 124.000000   78.796072  
 125.000000   79.766824  
 126.000000   78.974278  
 127.000000   78.786072  
 128.000000   79.117191  
 129.000000   78.511215  
 130.000000   77.994776  
 131.000000   78.241121  
 132.000000   78.838597  
 133.000000   78.927870  
 134.000000   78.323045  
 135.000000   78.891288  
 136.000000   79.519956  
 137.000000   79.941734  
 138.000000   80.829819  
 139.000000   81.539715  
 140.000000   82.466867  
 141.000000   82.396146  
 142.000000   82.366136  
 143.000000   82.539074  
 144.000000   83.423051  
 145.000000   83.167618  
 146.000000   83.364102  
 147.000000   83.591327  
 148.000000   83.711455  
 149.000000   82.948491  
 150.000000   82.754315  
 151.000000   82.197313  
 152.000000   82.773870  
 153.000000   83.301845  
 154.000000   82.650601  
 155.000000   83.098309  
 156.000000   83.947433  
 157.000000   83.899303  
 158.000000   84.725181  
 159.000000   84.600025  
 160.000000   83.731746  
 161.000000   83.459157  
 162.000000   82.838055  
 163.000000   82.134720  
 164.000000   81.556881  
 165.000000   82.316000  
 166.000000   82.951493  
 167.000000   83.214620  
 168.000000   84.125185  
 169.000000   83.363286  
 170.000000   83.567830  
 171.000000   83.230679  
 172.000000   83.873741  
 173.000000   84.193318  
 174.000000   84.038460  
 175.000000   84.470626  
 176.000000   83.901204  
 177.000000   82.934870  
 178.000000   82.496331  
 179.000000   82.699773  
 180.000000   82.620885  
 181.000000   83.042218  
 182.000000   82.371570  
 183.000000   83.252042  
 184.000000   84.162939  
 185.000000   85.124401  
 186.000000   84.242060  
 187.000000   84.722801  
 188.000000   84.924105  
 189.000000   84.102012  
 190.000000   85.080694  
 191.000000   85.178378  
 192.000000   85.527314  
 193.000000   85.977100  
 194.000000   86.114089  
 195.000000   86.169065  
 196.000000   85.470571  
 197.000000   84.951140  
 198.000000   84.756302  
 199.000000   83.891977  
 200.000000   84.408747  
 201.000000   84.094131  
 202.000000   85.073608  
 203.000000   85.850731  
 204.000000   86.727813  
 205.000000   87.206015  
 206.000000   86.259909  
 207.000000   86.024700  
 208.000000   85.045753  
 209.000000   84.176217  
 210.000000   84.539003  
 211.000000   85.512322  
 212.000000   85.844823  
 213.000000   85.675029  
 214.000000   84.757350  
 215.000000   85.545924  
 216.000000   85.959498  
 217.000000   85.917297  
 218.000000   85.348522  
 219.000000   84.512054  
 220.000000   84.858458  
 221.000000   85.848017  
 222.000000   86.035081  
 223.000000   86.715446  
 224.000000   86.021402  
 225.000000   86.773685  
 226.000000   86.863357  
 227.000000   87.830641  
 228.000000   88.302045  
 229.000000   87.488212  
 230.000000   87.072660  
 231.000000   86.618756  
 232.000000   85.761089  
 233.000000   86.121135  
 234.000000   85.570581  
 235.000000   85.673580  
 236.000000   86.213065  
 237.000000   85.636501  
 238.000000   85.222078  
 239.000000   84.934913  
 240.000000   85.847648  
 241.000000   86.168135  
 242.000000   87.069160  
 243.000000   86.262895  
 244.000000   85.791948  
 245.000000   85.336224  
 246.000000   86.006399  
 247.000000   86.632103  
 248.000000   86.219592  
 249.000000   86.519012  
 250.000000   86.361001  
 251.000000   85.510304  
 252.000000   85.987918  
 253.000000   86.158658  
 254.000000   85.847999  
 255.000000   85.364006  
 256.000000   84.947642  
 257.000000   85.487103  
 258.000000   85.335733  
 259.000000   84.912877  
 260.000000   84.441240  
 261.000000   83.995078  
 262.000000   84.679790  
 263.000000   84.019035  
 264.000000   83.523208  
 265.000000   83.706958  
 266.000000   84.657678  
 267.000000   83.665940  
 268.000000   83.145972  
 269.000000   83.599005  
 270.000000   83.100454  
 271.000000   83.936770  
 272.000000   83.953074  
 273.000000   83.958138  
 274.000000   84.382746  
 275.000000   84.662282  
 276.000000   84.230887  
 277.000000   83.250454  
 278.000000   83.439933  
 279.000000   84.121963  
 280.000000   84.095143  
 281.000000   84.656733  
 282.000000   84.481803  
 283.000000   84.241414  
 284.000000   85.038305  
 285.000000   85.831758  
 286.000000   86.272651  
 287.000000   85.842355  
 288.000000   85.522153  
 289.000000   85.092495  
 290.000000   85.651717  
 291.000000   84.660862  
 292.000000   83.830237  
 293.000000   83.712952  
 294.000000   83.215087  
 295.000000   84.026832  
 296.000000   84.788597  
 297.000000   85.221638  
 298.000000   84.698991  
 299.000000   85.549572  
 300.000000   86.488809  

########################################
# Reactor 2 Data
########################################
 Time(min)    Impurity(mg/L)
 0.000000     75.782390  
 1.000000     75.320445  
 2.000000     74.922264  
 3.000000     75.172929  
 4.000000     75.732617  
 5.000000     75.574824  
 6.000000     75.888783  
 7.000000     75.736023  
 8.000000     75.439475  
 9.000000     75.688731  
 10.000000    76.311728  
 11.000000    76.299164  
 12.000000    75.405466  
 13.000000    75.371734  
 14.000000    75.381002  
 15.000000    75.254838  
 16.000000    75.006870  
 17.000000    75.562626  
 18.000000    74.762781  
 19.000000    73.795740  
 20.000000    74.360492  
 21.000000    75.066809  
 22.000000    74.514213  
 23.000000    74.768058  
 24.000000    73.897399  
 25.000000    73.375240  
 26.000000    73.294786  
 27.000000    73.620151  
 28.000000    73.055555  
 29.000000    72.995449  
 30.000000    73.952031  
 31.000000    73.978138  
 32.000000    73.918401  
 33.000000    74.250683  
 34.000000    74.293124  
 35.000000    73.807662  
 36.000000    74.455998  
 37.000000    73.713568  
 38.000000    73.057456  
 39.000000    72.407279  
 40.000000    72.171160  
 41.000000    71.374347  
 42.000000    71.153940  
 43.000000    71.773769  
 44.000000    71.481273  
 45.000000    72.234308  
 46.000000    73.151973  
 47.000000    73.829430  
 48.000000    73.059521  
 49.000000    73.184344  
 50.000000    72.401220  
 51.000000    73.152957  
 52.000000    72.852972  
 53.000000    73.648403  
 54.000000    72.896757  
 55.000000    73.172481  
 56.000000    73.917531  
 57.000000    72.919663  
 58.000000    72.529102  
 59.000000    71.586752  
 60.000000    71.686211  
 61.000000    71.036593  
 62.000000    71.216644  
 63.000000    70.226886  
 64.000000    69.790931  
 65.000000    70.310527  
 66.000000    71.054417  
 67.000000    71.065259  
 68.000000    71.032749  
 69.000000    70.128265  
 70.000000    70.629875  
 71.000000    71.292544  
 72.000000    72.024611  
 73.000000    72.678175  
 74.000000    72.677336  
 75.000000    71.694868  
 76.000000    71.377256  
 77.000000    71.857502  
 78.000000    72.679078  
 79.000000    72.266994  
 80.000000    71.640409  
 81.000000    72.408843  
 82.000000    72.176978  
 83.000000    72.410791  
 84.000000    72.604742  
 85.000000    72.251343  
 86.000000    72.531416  
 87.000000    72.428597  
 88.000000    72.825517  
 89.000000    72.149393  
 90.000000    71.540109  
 91.000000    71.505693  
 92.000000    71.505818  
 93.000000    72.042007  
 94.000000    71.427727  
 95.000000    72.412066  
 96.000000    72.062665  
 97.000000    72.754666  
 98.000000    73.390950  
 99.000000    74.204094  
 100.000000   74.682986  
 101.000000   74.316307  
 102.000000   73.371424  
 103.000000   73.497501  
 104.000000   74.410848  
 105.000000   73.722865  
 106.000000   74.238335  
 107.000000   73.321020  
 108.000000   72.710118  
 109.000000   72.750630  
 110.000000   72.680426  
 111.000000   73.259445  
 112.000000   72.515562  
 113.000000   73.300393  
 114.000000   72.653177  
 115.000000   72.522938  
 116.000000   71.821645  
 117.000000   72.199174  
 118.000000   72.827181  
 119.000000   72.212281  
 120.000000   72.368559  
 121.000000   72.810292  
 122.000000   72.760557  
 123.000000   72.284459  
 124.000000   72.752718  
 125.000000   72.451132  
 126.000000   72.794061  
 127.000000   71.904177  
 128.000000   72.698268  
 129.000000   72.741559  
 130.000000   72.292005  
 131.000000   72.979006  
 132.000000   72.863953  
 133.000000   73.202453  
 134.000000   74.187746  
 135.000000   74.893085  
 136.000000   75.760181  
 137.000000   76.484437  
 138.000000   75.618535  
 139.000000   75.202165  
 140.000000   74.594824  
 141.000000   74.416845  
 142.000000   74.255211  
 143.000000   75.171746  
 144.000000   76.019910  
 145.000000   76.987248  
 146.000000   76.749913  
 147.000000   77.678088  
 148.000000   77.858718  
 149.000000   77.860849  
 150.000000   77.425043  
 151.000000   76.749776  
 152.000000   76.647351  
 153.000000   76.341945  
 154.000000   76.389657  
 155.000000   76.477316  
 156.000000   75.498894  
 157.000000   75.092007  
 158.000000   74.428568  
 159.000000   75.345585  
 160.000000   74.818448  
 161.000000   75.483759  
 162.000000   75.899269  
 163.000000   76.020587  
 164.000000   76.422823  
 165.000000   75.846831  
 166.000000   76.228911  
 167.000000   76.472122  
 168.000000   76.907021  
 169.000000   76.212415  
 170.000000   75.400922  
 171.000000   76.303291  
 172.000000   76.111187  
 173.000000   76.398037  
 174.000000   77.319020  
 175.000000   77.993655  
 176.000000   77.254922  
 177.000000   77.256871  
 178.000000   76.620315  
 179.000000   75.721069  
 180.000000   76.511204  

########################################
# Reactor 3 Data
########################################
 Time(min)    Impurity(mg/L)
 0.000000     72.660370  
 1.000000     71.767897  
 2.000000     71.766590  
 3.000000     72.326813  
 4.000000     72.440709  
 5.000000     71.710816  
 6.000000     71.487969  
 7.000000     71.003315  
 8.000000     71.057965  
 9.000000     71.863306  
 10.000000    72.569534  
 11.000000    73.243180  
 12.000000    72.674937  
 13.000000    71.942037  
 14.000000    71.182521  
 15.000000    71.931770  
 16.000000    71.091827  
 17.000000    70.870654  
 18.000000    70.234292  
 19.000000    70.056598  
 20.000000    70.723365  
 21.000000    71.680261  
 22.000000    70.688760  
 23.000000    70.808473  
 24.000000    71.312032  
 25.000000    71.092122  
 26.000000    70.709332  
 27.000000    71.304622  
 28.000000    71.750163  
 29.000000    72.351945  
 30.000000    73.295310  
 31.000000    74.050310  
 32.000000    74.263993  
 33.000000    73.812078  
 34.000000    73.849626  
 35.000000    73.987411  
 36.000000    74.891099  
 37.000000    74.779985  
 38.000000    75.671037  
 39.000000    75.816610  
 40.000000    76.651356  
 41.000000    76.419316  
 42.000000    75.513236  
 43.000000    76.234259  
 44.000000    76.728721  
 45.000000    76.832285  
 46.000000    77.067110  
 47.000000    77.743246  
 48.000000    78.542883  
 49.000000    78.436506  
 50.000000    77.641707  
 51.000000    78.297866  
 52.000000    79.028430  
 53.000000    78.522984  
 54.000000    78.421532  
 55.000000    78.708468  
 56.000000    78.463713  
 57.000000    78.078904  
 58.000000    78.865942  
 59.000000    79.072956  
 60.000000    79.827616  
 61.000000    78.946210  
 62.000000    79.194117  
 63.000000    79.871765  
 64.000000    80.085492  
 65.000000    80.440528  
 66.000000    80.836500  
 67.000000    81.725440  
 68.000000    82.491217  
 69.000000    81.830982  
 70.000000    82.190160  
 71.000000    81.254962  
 72.000000    81.835875  
 73.000000    82.459993  
 74.000000    81.881924  
 75.000000    81.921508  
 76.000000    82.496043  
 77.000000    82.507862  
 78.000000    83.490328  
 79.000000    83.438183  
 80.000000    83.351193  
 81.000000    84.073942  
 82.000000    84.876963  
 83.000000    85.183896  
 84.000000    85.794180  
 85.000000    84.798502  
 86.000000    85.077439  
 87.000000    85.730276  
 88.000000    84.811883  
 89.000000    84.994015  
 90.000000    84.384607  
 91.000000    84.196314  
 92.000000    83.878788  
 93.000000    84.831622  
 94.000000    85.295113  
 95.000000    86.228226  
 96.000000    86.323958  
 97.000000    85.729743  
 98.000000    85.092713  
 99.000000    85.519803  
 100.000000   86.237386  
 101.000000   86.579134  
 102.000000   86.307053  
 103.000000   85.525572  
 104.000000   85.769231  
 105.000000   85.139824  
 106.000000   84.580070  
 107.000000   84.171042  
 108.000000   84.637710  
 109.000000   84.622811  
 110.000000   85.554871  
 111.000000   85.856948  
 112.000000   85.258450  
 113.000000   84.816376  
 114.000000   84.534928  
 115.000000   83.653278  
 116.000000   83.189394  
 117.000000   82.986730  
 118.000000   83.234617  
 119.000000   83.480587  
 120.000000   84.456371  
 121.000000   85.092236  
 122.000000   84.741980  
 123.000000   83.890588  
 124.000000   84.431833  
 125.000000   84.486135  
 126.000000   84.765448  
 127.000000   83.853261  
 128.000000   84.331909  
 129.000000   85.137397  
 130.000000   85.519728  
 131.000000   84.849230  
 132.000000   84.374799  
 133.000000   84.291629  
 134.000000   84.761989  
 135.000000   84.906020  
 136.000000   85.396606  
 137.000000   84.601307  
 138.000000   85.398956  
 139.000000   84.843846  
 140.000000   84.516030  
 141.000000   84.179858  
 142.000000   83.823494  
 143.000000   84.518717  
 144.000000   84.313775  
 145.000000   83.961977  
 146.000000   83.275131  
 147.000000   83.738973  
 148.000000   83.591785  
 149.000000   83.831143  
 150.000000   83.032385  
 151.000000   83.210365  
 152.000000   82.609580  
 153.000000   82.820126  
 154.000000   83.205314  
 155.000000   83.982823  
 156.000000   84.384480  
 157.000000   85.259207  
 158.000000   84.938946  
 159.000000   85.219357  
 160.000000   85.648178  
 161.000000   85.100276  
 162.000000   85.724799  
 163.000000   85.092559  
 164.000000   84.604976  
 165.000000   84.264890  
 166.000000   84.853755  
 167.000000   85.008761  
 168.000000   85.239818  
 169.000000   84.304283  
 170.000000   85.227332  
 171.000000   85.543324  
 172.000000   86.464106  
 173.000000   85.867597  
 174.000000   85.973737  
 175.000000   85.440633  
 176.000000   84.810985  
 177.000000   84.013197  
 178.000000   83.218397  
 179.000000   82.503625  
 180.000000   82.215330  
 181.000000   81.837861  
 182.000000   81.535988  
 183.000000   81.265057  
 184.000000   80.558748  
 185.000000   80.626670  
 186.000000   81.487196  
 187.000000   82.451150  
 188.000000   81.564561  
 189.000000   81.035854  
 190.000000   81.710212  
 191.000000   82.484768  
 192.000000   81.950846  
 193.000000   81.375817  
 194.000000   80.409809  
 195.000000   80.592259  
 196.000000   81.326487  
 197.000000   81.952870  
 198.000000   82.728328  
 199.000000   83.300625  
 200.000000   83.033714  
 201.000000   83.839536  
 202.000000   83.017962  
 203.000000   83.392994  
 204.000000   83.156453  
 205.000000   83.663467  
 206.000000   84.123147  
 207.000000   85.006190  
 208.000000   84.828984  
 209.000000   84.592422  
 210.000000   84.311837  
 211.000000   83.697680  
 212.000000   83.412239  
 213.000000   82.733822  
 214.000000   82.268361  
 215.000000   81.501691  
 216.000000   80.550472  
 217.000000   81.368066  
 218.000000   82.081892  
 219.000000   82.521443  
 220.000000   81.743038  
 221.000000   81.315942  
 222.000000   80.658147  
 223.000000   79.677550  
 224.000000   80.310196  
 225.000000   80.948074  
 226.000000   80.557056  
 227.000000   79.615313  
 228.000000   79.346946  
 229.000000   78.738287  
 230.000000   78.681447  
 231.000000   79.476811  
 232.000000   79.242381  
 233.000000   78.469448  
 234.000000   78.672723  
 235.000000   78.598537  
 236.000000   78.349565  
 237.000000   77.550634  
 238.000000   78.365486  
 239.000000   79.135325  
 240.000000   78.639189  
 241.000000   77.729508  
 242.000000   78.498622  
 243.000000   77.815177  
 244.000000   78.058787  
 245.000000   78.379258  
 246.000000   78.418033  
 247.000000   78.931709  
 248.000000   78.693706  
 249.000000   79.141445  
 250.000000   78.188273  
 251.000000   78.585083  
 252.000000   77.996370  
 253.000000   77.405716  
 254.000000   78.317840  
 255.000000   78.315927  
 256.000000   77.606531  
 257.000000   78.022949  
 258.000000   77.828689  
 259.000000   78.007835  
 260.000000   77.939738  
 261.000000   78.104010  
 262.000000   77.204717  
 263.000000   76.498877  
 264.000000   76.414112  
 265.000000   76.930927  
 266.000000   77.163763  
 267.000000   77.598387  
 268.000000   77.139224  
 269.000000   76.803630  
 270.000000   76.654794  
 271.000000   77.548610  
 272.000000   77.177453  
 273.000000   77.587168  
 274.000000   76.658981  
 275.000000   76.338954  
 276.000000   77.217060  
 277.000000   77.226398  
 278.000000   77.550271  
 279.000000   77.125179  
 280.000000   77.742803  
 281.000000   78.662241  
 282.000000   78.540478  
 283.000000   78.069431  
 284.000000   78.160065  
 285.000000   78.829388  
 286.000000   77.933513  
 287.000000   77.255850  
 288.000000   76.341069  
 289.000000   75.351820  
 290.000000   75.109519  
 291.000000   76.063899  
 292.000000   75.401171  
 293.000000   75.779569  
 294.000000   75.886823  
 295.000000   75.473898  
 296.000000   74.663381  
 297.000000   73.686681  
 298.000000   73.614446  
 299.000000   74.533262  
 300.000000   74.689968  
 301.000000   74.286263  
 302.000000   74.417622  
 303.000000   74.736869  
 304.000000   74.966480  
 305.000000   74.938650  
 306.000000   73.967935  
 307.000000   73.348593  
 308.000000   74.132258  
 309.000000   74.033512  
 310.000000   73.571825  
 311.000000   73.768106  
 312.000000   73.869440  
 313.000000   74.762555  
 314.000000   75.670967  
 315.000000   75.856402  
 316.000000   75.198127  
 317.000000   74.719982  
 318.000000   73.783317  
 319.000000   73.660071  
 320.000000   72.907861  
 321.000000   73.204549  
 322.000000   72.209792  
 323.000000   71.846625  
 324.000000   71.609689  
 325.000000   71.215319  
 326.000000   70.827639  
 327.000000   70.364159  
 328.000000   71.190544  
 329.000000   70.938971  
 330.000000   70.683823  
 331.000000   70.820118  
 332.000000   70.112077  
 333.000000   71.099737  
 334.000000   70.889922  
 335.000000   71.431409  
 336.000000   70.684533  
 337.000000   69.871007  
 338.000000   69.408731  
 339.000000   69.733400  
 340.000000   69.381926  
 341.000000   68.399776  
 342.000000   67.775354  
 343.000000   67.164251  
 344.000000   66.689287  
 345.000000   66.204599  
 346.000000   66.819239  
 347.000000   67.584661  
 348.000000   67.873599  
 349.000000   68.156208  
 350.000000   67.483093  
 351.000000   67.565586  
 352.000000   67.324743  
 353.000000   67.794715  
 354.000000   68.562135  
 355.000000   67.987528  
 356.000000   67.502242  
 357.000000   67.728774  
 358.000000   67.697482  
 359.000000   67.449247  
 360.000000   66.944550  
 361.000000   66.571437  
 362.000000   67.307833  
 363.000000   67.936316  
 364.000000   67.851389  
 365.000000   68.592244  
 366.000000   69.368211  
 367.000000   69.946142  
 368.000000   69.215055  
 369.000000   69.376033  
 370.000000   68.520761  
 371.000000   68.845843  
 372.000000   68.724476  
 373.000000   68.323002  
 374.000000   68.255176  
 375.000000   69.193432  
 376.000000   69.598363  
 377.000000   68.658785  
 378.000000   69.552082  
 379.000000   70.303785  
 380.000000   69.544654  
 381.000000   69.504789  
 382.000000   68.550579  
 383.000000   69.264528  
 384.000000   68.530442  
 385.000000   68.533456  
 386.000000   68.056292  
 387.000000   67.239998  
 388.000000   66.601009  
 389.000000   66.195326  
 390.000000   66.878819  
 391.000000   67.024522  
 392.000000   67.185494  
 393.000000   66.814347  
 394.000000   67.678813  
 395.000000   67.455278  
 396.000000   66.717749  
 397.000000   67.336768  
 398.000000   68.148641  
 399.000000   68.117136  
 400.000000   67.198768  
 401.000000   67.898916  
 402.000000   67.876548  
 403.000000   67.542361  
 404.000000   66.962535  
 405.000000   66.893808  
 406.000000   67.741446  
 407.000000   68.534216  
 408.000000   68.401609  
 409.000000   69.376667  
 410.000000   70.118159  
 411.000000   70.188742  
 412.000000   70.552427  
 413.000000   69.554336  
 414.000000   68.975181  
 415.000000   68.280264  
 416.000000   68.447218  
 417.000000   69.085817  
 418.000000   69.654838  
 419.000000   69.689587  
 420.000000   70.411179  
 421.000000   70.669028  
 422.000000   71.553406  
 423.000000   70.758589  
 424.000000   69.807044  
 425.000000   69.229437  
 426.000000   70.211497  
 427.000000   69.357769  
 428.000000   69.549737  
 429.000000   70.233040  
 430.000000   69.569880  
 431.000000   69.508677  
 432.000000   69.679925  
 433.000000   69.874132  
 434.000000   70.676679  
 435.000000   70.099849  
 436.000000   70.873362  
 437.000000   71.015714  
 438.000000   71.196943  
 439.000000   72.133411  
 440.000000   72.749245  
 441.000000   71.846289  
 442.000000   72.086455  
 443.000000   73.082852  
 444.000000   73.849369  
 445.000000   73.917784  
 446.000000   73.009960  
 447.000000   73.434507  
 448.000000   73.893544  
 449.000000   73.087809  
 450.000000   72.300712  
 451.000000   71.427218  
 452.000000   71.177434  
 453.000000   70.577608  
 454.000000   70.355767  
 455.000000   69.558818  
 456.000000   68.703113  
 457.000000   68.367894  
 458.000000   67.774133  
 459.000000   68.443661  
 460.000000   67.585504  
 461.000000   67.016791  
 462.000000   67.833878  
 463.000000   68.293669  
 464.000000   67.485518  
 465.000000   67.325065  
 466.000000   67.050534  
 467.000000   67.732488  
 468.000000   68.536360  
 469.000000   69.255092  
 470.000000   68.518268  
 471.000000   67.612766  
 472.000000   67.616990  
 473.000000   67.935525  
 474.000000   67.333595  
 475.000000   66.705767  
 476.000000   66.869622  
 477.000000   66.363967  
 478.000000   65.697696  
 479.000000   65.907890  
 480.000000   65.439080  

########################################
# Reactor 4 Data
########################################
 Time(min)    Impurity(mg/L)
 0.000000     78.457093  
 1.000000     79.204776  
 2.000000     79.357732  
 3.000000     79.026255  
 4.000000     78.330294  
 5.000000     78.608099  
 6.000000     78.195388  
 7.000000     78.838688  
 8.000000     78.124633  
 9.000000     78.356593  
 10.000000    77.710045  
 11.000000    77.018916  
 12.000000    77.925622  
 13.000000    78.676103  
 14.000000    78.460398  
 15.000000    78.424145  
 16.000000    77.823143  
 17.000000    78.456968  
 18.000000    77.760649  
 19.000000    77.355856  
 20.000000    77.322354  
 21.000000    76.807556  
 22.000000    77.132790  
 23.000000    77.044546  
 24.000000    76.402768  
 25.000000    75.869325  
 26.000000    74.905393  
 27.000000    74.516741  
 28.000000    74.373860  
 29.000000    73.445906  
 30.000000    73.791433  
 31.000000    74.188096  
 32.000000    74.216845  
 33.000000    73.880680  
 34.000000    74.013048  
 35.000000    73.568347  
 36.000000    73.640763  
 37.000000    73.029216  
 38.000000    72.521154  
 39.000000    71.558756  
 40.000000    71.414748  
 41.000000    70.773944  
 42.000000    71.401875  
 43.000000    71.213822  
 44.000000    71.148604  
 45.000000    70.893010  
 46.000000    71.181290  
 47.000000    71.521474  
 48.000000    71.879805  
 49.000000    72.701393  
 50.000000    71.853053  
 51.000000    71.305636  
 52.000000    72.044813  
 53.000000    72.583679  
 54.000000    71.658532  
 55.000000    71.502229  
 56.000000    71.307522  
 57.000000    70.457302  
 58.000000    69.721390  
 59.000000    69.304470  
 60.000000    68.636959  
 61.000000    69.371976  
 62.000000    69.093347  
 63.000000    68.639656  
 64.000000    67.893717  
 65.000000    68.393793  
 66.000000    68.197383  
 67.000000    68.946572  
 68.000000    69.617818  
 69.000000    70.093827  
 70.000000    70.794809  
 71.000000    71.060892  
 72.000000    70.135442  
 73.000000    71.005950  
 74.000000    71.054072  
 75.000000    70.810378  
 76.000000    70.754748  
 77.000000    70.754324  
 78.000000    70.350983  
 79.000000    69.777349  
 80.000000    69.734499  
 81.000000    68.834761  
 82.000000    68.741903  
 83.000000    67.976116  
 84.000000    68.596367  
 85.000000    68.372246  
 86.000000    67.931221  
 87.000000    67.178733  
 88.000000    66.291248  
 89.000000    65.837932  
 90.000000    65.533462  
 91.000000    66.441566  
 92.000000    66.894878  
 93.000000    66.104512  
 94.000000    65.900820  
 95.000000    64.908182  
 96.000000    65.389262  
 97.000000    66.289147  
 98.000000    66.133394  
 99.000000    65.334074  
 100.000000   64.792570  
 101.000000   65.070360  
 102.000000   65.888900  
 103.000000   65.999653  
 104.000000   65.751440  
 105.000000   66.425538  
 106.000000   66.838746  
 107.000000   65.853675  
 108.000000   66.040549  
 109.000000   66.538703  
 110.000000   65.557688  
 111.000000   64.893292  
 112.000000   65.390141  
 113.000000   66.103377  
 114.000000   66.907119  
 115.000000   66.611238  
 116.000000   65.955756  
 117.000000   66.727341  
 118.000000   67.294815  
 119.000000   67.075609  
 120.000000   66.257541  
 121.000000   65.453262  
 122.000000   66.145040  
 123.000000   66.683228  
 124.000000   67.547799  
 125.000000   67.925038  
 126.000000   67.362721  
 127.000000   66.439688  
 128.000000   65.634096  
 129.000000   65.006705  
 130.000000   65.257302  
 131.000000   65.814979  
 132.000000   66.556206  
 133.000000   65.621824  
 134.000000   64.904992  
 135.000000   65.311184  
 136.000000   65.058546  
 137.000000   64.476274  
 138.000000   64.324057  
 139.000000   64.630894  
 140.000000   65.439358  
 141.000000   64.865724  
 142.000000   64.416387  
 143.000000   64.803460  
 144.000000   63.933123  
 145.000000   64.612963  
 146.000000   64.994099  
 147.000000   64.966037  
 148.000000   65.296643  
 149.000000   64.377977  
 150.000000   63.502648  
 151.000000   63.932698  
 152.000000   64.118703  
 153.000000   64.065225  
 154.000000   64.017293  
 155.000000   65.004351  
 156.000000   65.945990  
 157.000000   65.934376  
 158.000000   66.909224  
 159.000000   67.230112  
 160.000000   66.424133  
 161.000000   66.108237  
 162.000000   66.247730  
 163.000000   66.219168  
 164.000000   66.606967  
 165.000000   66.844511  
 166.000000   67.415497  
 167.000000   67.656933  
 168.000000   67.074554  
 169.000000   67.475869  
 170.000000   67.292084  
 171.000000   67.668824  
 172.000000   68.054459  
 173.000000   68.064377  
 174.000000   68.080132  
 175.000000   68.133457  
 176.000000   69.018433  
 177.000000   69.491295  
 178.000000   69.243157  
 179.000000   69.404099  
 180.000000   69.469064  

########################################
# Reactor 5 Data
########################################
 Time(min)    Impurity(mg/L)
 0.000000     75.929391  
 1.000000     75.839162  
 2.000000     75.816552  
 3.000000     75.561082  
 4.000000     75.365301  
 5.000000     75.338199  
 6.000000     75.505976  
 7.000000     75.500743  
 8.000000     74.851504  
 9.000000     75.513794  
 10.000000    75.172231  
 11.000000    75.572470  
 12.000000    75.404879  
 13.000000    75.095351  
 14.000000    74.385949  
 15.000000    75.356316  
 16.000000    74.884675  
 17.000000    73.979500  
 18.000000    73.684763  
 19.000000    73.631740  
 20.000000    73.291989  
 21.000000    72.619021  
 22.000000    72.908683  
 23.000000    72.808056  
 24.000000    73.726004  
 25.000000    73.979995  
 26.000000    74.402898  
 27.000000    75.076447  
 28.000000    74.490341  
 29.000000    74.204878  
 30.000000    73.584542  
 31.000000    73.259868  
 32.000000    73.380736  
 33.000000    73.429940  
 34.000000    73.600012  
 35.000000    73.242414  
 36.000000    73.390171  
 37.000000    72.754078  
 38.000000    73.428777  
 39.000000    73.361691  
 40.000000    72.922696  
 41.000000    73.194528  
 42.000000    72.506003  
 43.000000    72.713151  
 44.000000    73.139080  
 45.000000    72.846262  
 46.000000    73.187192  
 47.000000    72.853976  
 48.000000    72.597420  
 49.000000    73.100953  
 50.000000    73.804879  
 51.000000    74.102347  
 52.000000    73.676554  
 53.000000    74.608109  
 54.000000    74.012841  
 55.000000    74.804738  
 56.000000    74.707734  
 57.000000    75.462741  
 58.000000    74.965442  
 59.000000    75.949152  
 60.000000    75.709892  
 61.000000    76.091829  
 62.000000    75.249401  
 63.000000    74.298301  
 64.000000    74.047563  
 65.000000    73.434935  
 66.000000    73.083093  
 67.000000    73.485187  
 68.000000    73.931877  
 69.000000    73.388895  
 70.000000    73.188625  
 71.000000    72.675357  
 72.000000    73.013822  
 73.000000    73.115007  
 74.000000    73.652372  
 75.000000    73.280698  
 76.000000    74.049571  
 77.000000    73.412621  
 78.000000    73.680055  
 79.000000    73.875635  
 80.000000    73.700079  
 81.000000    72.881157  
 82.000000    72.711283  
 83.000000    73.685140  
 84.000000    73.094403  
 85.000000    72.338575  
 86.000000    72.754007  
 87.000000    72.588034  
 88.000000    72.203016  
 89.000000    71.332468  
 90.000000    70.733512  
 91.000000    71.165278  
 92.000000    71.261213  
 93.000000    70.367121  
 94.000000    70.292721  
 95.000000    70.277045  
 96.000000    69.729107  
 97.000000    69.152006  
 98.000000    69.564364  
 99.000000    69.658812  
 100.000000   69.268616  
 101.000000   69.950539  
 102.000000   69.916423  
 103.000000   70.752092  
 104.000000   71.535589  
 105.000000   71.029260  
 106.000000   71.302263  
 107.000000   71.470898  
 108.000000   70.983162  
 109.000000   71.587720  
 110.000000   70.783568  
 111.000000   70.059304  
 112.000000   70.867691  
 113.000000   70.938781  
 114.000000   71.264647  
 115.000000   71.642580  
 116.000000   70.732474  
 117.000000   71.266410  
 118.000000   71.848180  
 119.000000   72.683366  
 120.000000   72.616893  
 121.000000   71.708004  
 122.000000   71.501952  
 123.000000   71.740736  
 124.000000   71.729075  
 125.000000   71.539418  
 126.000000   70.768273  
 127.000000   70.336420  
 128.000000   71.306515  
 129.000000   71.554268  
 130.000000   70.912060  
 131.000000   70.490566  
 132.000000   69.824049  
 133.000000   70.597589  
 134.000000   71.436437  
 135.000000   71.920123  
 136.000000   72.749039  
 137.000000   73.646703  
 138.000000   74.012020  
 139.000000   74.884064  
 140.000000   75.361903  
 141.000000   75.673925  
 142.000000   75.268176  
 143.000000   74.782077  
 144.000000   75.209183  
 145.000000   75.870406  
 146.000000   75.949627  
 147.000000   76.189984  
 148.000000   75.230462  
 149.000000   75.793981  
 150.000000   76.397364  
 151.000000   76.808903  
 152.000000   76.115073  
 153.000000   75.488483  
 154.000000   76.087557  
 155.000000   76.585885  
 156.000000   76.305290  
 157.000000   77.270748  
 158.000000   77.329580  
 159.000000   77.582665  
 160.000000   76.835655  
 161.000000   76.635182  
 162.000000   75.956799  
 163.000000   75.319648  
 164.000000   74.733980  
 165.000000   74.383443  
 166.000000   74.230683  
 167.000000   75.087655  
 168.000000   74.870117  
 169.000000   75.589999  
 170.000000   76.555546  
 171.000000   76.619724  
 172.000000   77.134603  
 173.000000   76.854182  
 174.000000   76.082239  
 175.000000   75.881465  
 176.000000   76.216676  
 177.000000   76.304161  
 178.000000   76.849387  
 179.000000   77.719878  
 180.000000   78.524800  
 181.000000   79.442582  
 182.000000   80.291636  
 183.000000   79.541806  
 184.000000   80.481638  
 185.000000   79.760337  
 186.000000   80.227203  
 187.000000   80.217535  
 188.000000   80.552925  
 189.000000   79.709355  
 190.000000   78.838354  
 191.000000   79.706894  
 192.000000   79.475975  
 193.000000   78.494643  
 194.000000   77.660134  
 195.000000   77.454990  
 196.000000   77.239807  
 197.000000   76.431649  
 198.000000   75.531247  
 199.000000   74.680079  
 200.000000   75.277167  
 201.000000   75.648826  
 202.000000   75.976952  
 203.000000   75.626571  
 204.000000   75.622408  
 205.000000   75.148921  
 206.000000   75.072649  
 207.000000   74.913508  
 208.000000   75.469026  
 209.000000   74.975482  
 210.000000   75.265163  
 211.000000   75.686672  
 212.000000   76.322314  
 213.000000   76.745403  
 214.000000   76.816332  
 215.000000   76.631545  
 216.000000   76.815116  
 217.000000   76.317119  
 218.000000   75.514928  
 219.000000   75.990595  
 220.000000   75.545410  
 221.000000   75.467653  
 222.000000   74.977769  
 223.000000   74.600053  
 224.000000   74.353176  
 225.000000   74.712232  
 226.000000   75.144972  
 227.000000   76.128261  
 228.000000   75.405933  
 229.000000   75.433359  
 230.000000   75.241590  
 231.000000   76.226611  
 232.000000   75.891950  
 233.000000   76.180892  
 234.000000   75.969760  
 235.000000   76.472607  
 236.000000   76.550402  
 237.000000   77.099733  
 238.000000   76.289249  
 239.000000   76.796532  
 240.000000   76.078739  
 241.000000   76.717174  
 242.000000   77.606524  
 243.000000   78.243095  
 244.000000   78.475010  
 245.000000   79.030309  
 246.000000   78.896095  
 247.000000   78.038136  
 248.000000   78.761115  
 249.000000   78.654557  
 250.000000   78.779024  
 251.000000   78.328019  
 252.000000   77.488678  
 253.000000   77.450772  
 254.000000   76.764138  
 255.000000   75.920004  
 256.000000   76.255477  
 257.000000   75.754605  
 258.000000   76.284473  
 259.000000   76.143129  
 260.000000   75.533353  
 261.000000   76.259846  
 262.000000   76.278213  
 263.000000   76.248806  
 264.000000   75.283681  
 265.000000   74.467140  
 266.000000   74.837609  
 267.000000   75.704349  
 268.000000   76.550336  
 269.000000   76.258219  
 270.000000   77.122410  
 271.000000   76.260273  
 272.000000   76.605426  
 273.000000   76.592124  
 274.000000   76.607066  
 275.000000   75.870207  
 276.000000   75.326666  
 277.000000   75.812228  
 278.000000   75.858744  
 279.000000   74.916736  
 280.000000   75.371377  
 281.000000   74.895101  
 282.000000   75.481674  
 283.000000   76.156112  
 284.000000   76.483084  
 285.000000   75.594072  
 286.000000   76.304237  
 287.000000   76.126811  
 288.000000   75.127813  
 289.000000   75.924596  
 290.000000   76.745706  
 291.000000   76.538294  
 292.000000   77.446131  
 293.000000   76.469756  
 294.000000   76.614743  
 295.000000   77.534951  
 296.000000   77.855819  
 297.000000   78.684806  
 298.000000   78.472734  
 299.000000   79.139011  
 300.000000   78.850302  

########################################
# Reactor 6 Data
########################################
 Time(min)    Impurity(mg/L)
 0.000000     76.127906  
 1.000000     76.404531  
 2.000000     75.638064  
 3.000000     75.879483  
 4.000000     75.865297  
 5.000000     76.800400  
 6.000000     77.003659  
 7.000000     76.765937  
 8.000000     76.906739  
 9.000000     77.300430  
 10.000000    76.439968  
 11.000000    75.797575  
 12.000000    74.843226  
 13.000000    74.474458  
 14.000000    75.195296  
 15.000000    74.808493  
 16.000000    74.600225  
 17.000000    74.686883  
 18.000000    74.518665  
 19.000000    74.185972  
 20.000000    74.233946  
 21.000000    75.124016  
 22.000000    76.121868  
 23.000000    75.885909  
 24.000000    75.414835  
 25.000000    76.294164  
 26.000000    75.393649  
 27.000000    76.242270  
 28.000000    76.593439  
 29.000000    77.268595  
 30.000000    77.654416  
 31.000000    76.976958  
 32.000000    77.583312  
 33.000000    77.515861  
 34.000000    77.269160  
 35.000000    77.584387  
 36.000000    78.141989  
 37.000000    78.319046  
 38.000000    78.981522  
 39.000000    78.535872  
 40.000000    79.349131  
 41.000000    79.621418  
 42.000000    79.935178  
 43.000000    80.240591  
 44.000000    79.310165  
 45.000000    78.591915  
 46.000000    78.409407  
 47.000000    77.445531  
 48.000000    76.786837  
 49.000000    76.490822  
 50.000000    77.042511  
 51.000000    77.794241  
 52.000000    78.165569  
 53.000000    77.829923  
 54.000000    78.526111  
 55.000000    77.533547  
 56.000000    77.398511  
 57.000000    77.244662  
 58.000000    77.982719  
 59.000000    77.979052  
 60.000000    78.174076  
 61.000000    78.261196  
 62.000000    79.157243  
 63.000000    79.415145  
 64.000000    79.385485  
 65.000000    79.383927  
 66.000000    80.009218  
 67.000000    80.949432  
 68.000000    80.828292  
 69.000000    80.297368  
 70.000000    80.807155  
 71.000000    80.535395  
 72.000000    81.094148  
 73.000000    80.746252  
 74.000000    81.392724  
 75.000000    81.187835  
 76.000000    81.360019  
 77.000000    81.597940  
 78.000000    81.286604  
 79.000000    82.048169  
 80.000000    82.267962  
 81.000000    82.026250  
 82.000000    81.604404  
 83.000000    81.844354  
 84.000000    81.541308  
 85.000000    82.296137  
 86.000000    82.549708  
 87.000000    83.307331  
 88.000000    83.484678  
 89.000000    82.957001  
 90.000000    83.592370  
 91.000000    84.131132  
 92.000000    84.300239  
 93.000000    83.946948  
 94.000000    83.665801  
 95.000000    82.778788  
 96.000000    82.460246  
 97.000000    83.011111  
 98.000000    83.661010  
 99.000000    84.471092  
 100.000000   84.592961  
 101.000000   84.667776  
 102.000000   83.903424  
 103.000000   84.811204  
 104.000000   84.599961  
 105.000000   83.845343  
 106.000000   83.484252  
 107.000000   82.665383  
 108.000000   83.468221  
 109.000000   83.650857  
 110.000000   84.342354  
 111.000000   84.182888  
 112.000000   83.584287  
 113.000000   82.788312  
 114.000000   83.273234  
 115.000000   84.181467  
 116.000000   84.922522  
 117.000000   85.005697  
 118.000000   85.128550  
 119.000000   86.073802  
 120.000000   86.915111  

########################################
# Reactor 7 Data
########################################
 Time(min)    Impurity(mg/L)
 0.000000     70.822239  
 1.000000     70.942999  
 2.000000     69.986396  
 3.000000     69.191466  
 4.000000     68.400477  
 5.000000     68.913744  
 6.000000     69.025577  
 7.000000     68.182832  
 8.000000     68.134001  
 9.000000     67.463336  
 10.000000    66.741752  
 11.000000    65.971395  
 12.000000    66.442733  
 13.000000    66.215209  
 14.000000    66.150857  
 15.000000    65.952315  
 16.000000    66.349164  
 17.000000    66.962211  
 18.000000    67.551678  
 19.000000    67.022237  
 20.000000    67.977019  
 21.000000    67.992339  
 22.000000    67.297391  
 23.000000    67.789530  
 24.000000    67.949849  
 25.000000    67.684678  
 26.000000    67.799857  
 27.000000    67.416007  
 28.000000    66.703118  
 29.000000    66.602774  
 30.000000    66.806065  
 31.000000    66.861427  
 32.000000    67.135425  
 33.000000    66.230249  
 34.000000    66.073424  
 35.000000    65.981758  
 36.000000    66.432188  
 37.000000    66.164467  
 38.000000    67.025666  
 39.000000    66.702283  
 40.000000    66.519183  
 41.000000    65.656691  
 42.000000    66.068041  
 43.000000    65.833957  
 44.000000    65.686909  
 45.000000    65.053017  
 46.000000    65.062624  
 47.000000    65.554896  
 48.000000    65.681941  
 49.000000    65.807905  
 50.000000    65.944915  
 51.000000    64.989669  
 52.000000    64.612431  
 53.000000    65.246105  
 54.000000    65.112585  
 55.000000    65.941117  
 56.000000    65.492260  
 57.000000    66.237933  
 58.000000    65.271160  
 59.000000    65.672674  
 60.000000    64.929578  
 61.000000    64.177637  
 62.000000    65.111989  
 63.000000    65.305326  
 64.000000    65.672496  
 65.000000    65.038041  
 66.000000    65.864268  
 67.000000    65.742572  
 68.000000    65.054977  
 69.000000    64.160289  
 70.000000    64.862767  
 71.000000    65.716772  
 72.000000    64.801677  
 73.000000    65.645502  
 74.000000    66.227463  
 75.000000    65.653952  
 76.000000    65.402339  
 77.000000    64.818954  
 78.000000    63.973729  
 79.000000    64.200990  
 80.000000    64.046745  
 81.000000    63.758139  
 82.000000    63.940698  
 83.000000    64.378508  
 84.000000    63.909301  
 85.000000    63.263505  
 86.000000    62.942168  
 87.000000    62.268857  
 88.000000    63.130414  
 89.000000    64.091558  
 90.000000    64.919444  
 91.000000    64.009184  
 92.000000    64.700790  
 93.000000    64.029926  
 94.000000    63.772173  
 95.000000    64.084867  
 96.000000    63.238440  
 97.000000    63.658555  
 98.000000    64.224941  
 99.000000    64.517465  
 100.000000   64.171328  
 101.000000   63.299520  
 102.000000   63.074598  
 103.000000   63.942245  
 104.000000   64.540857  
 105.000000   64.046128  
 106.000000   64.256994  
 107.000000   63.895844  
 108.000000   64.504638  
 109.000000   64.874049  
 110.000000   65.065837  
 111.000000   65.261761  
 112.000000   64.459806  
 113.000000   65.116557  
 114.000000   66.084562  
 115.000000   65.126840  
 116.000000   65.637087  
 117.000000   66.526063  
 118.000000   66.121497  
 119.000000   65.634551  
 120.000000   66.292956  
 121.000000   65.979993  
 122.000000   65.249016  
 123.000000   65.172148  
 124.000000   64.463826  
 125.000000   64.585601  
 126.000000   64.515176  
 127.000000   64.384178  
 128.000000   64.098625  
 129.000000   64.430072  
 130.000000   65.409836  
 131.000000   65.840114  
 132.000000   66.228464  
 133.000000   65.559212  
 134.000000   65.857808  
 135.000000   64.955458  
 136.000000   65.453942  
 137.000000   65.502921  
 138.000000   65.772770  
 139.000000   65.984423  
 140.000000   66.569270  
 141.000000   66.468909  
 142.000000   66.288570  
 143.000000   66.376119  
 144.000000   67.161889  
 145.000000   66.915877  
 146.000000   66.338287  
 147.000000   65.903755  
 148.000000   66.420276  
 149.000000   67.412158  
 150.000000   67.381852  
 151.000000   68.212418  
 152.000000   67.589879  
 153.000000   67.458316  
 154.000000   67.591179  
 155.000000   68.024400  
 156.000000   67.932456  
 157.000000   67.139451  
 158.000000   66.589242  
 159.000000   67.343742  
 160.000000   67.687938  
 161.000000   68.303992  
 162.000000   69.233789  
 163.000000   68.445521  
 164.000000   67.974830  
 165.000000   68.579703  
 166.000000   69.347145  
 167.000000   69.577191  
 168.000000   68.911077  
 169.000000   68.297111  
 170.000000   68.398351  
 171.000000   68.021269  
 172.000000   68.350122  
 173.000000   68.373226  
 174.000000   68.269978  
 175.000000   68.474789  
 176.000000   69.101338  
 177.000000   69.397193  
 178.000000   69.341007  
 179.000000   69.242521  
 180.000000   68.909292  
 181.000000   68.109238  
 182.000000   67.215372  
 183.000000   66.952135  
 184.000000   66.112677  
 185.000000   66.239471  
 186.000000   65.356881  
 187.000000   65.837873  
 188.000000   65.467758  
 189.000000   66.431781  
 190.000000   66.782829  
 191.000000   66.749200  
 192.000000   67.350741  
 193.000000   66.375138  
 194.000000   65.763617  
 195.000000   65.178726  
 196.000000   65.781928  
 197.000000   65.949122  
 198.000000   66.100018  
 199.000000   65.622774  
 200.000000   64.983185  
 201.000000   65.661101  
 202.000000   65.911089  
 203.000000   65.546807  
 204.000000   66.192577  
 205.000000   66.266681  
 206.000000   66.905058  
 207.000000   66.933476  
 208.000000   66.599769  
 209.000000   66.980757  
 210.000000   67.973105  
 211.000000   68.828625  
 212.000000   68.964969  
 213.000000   68.509556  
 214.000000   68.643700  
 215.000000   68.553771  
 216.000000   68.819641  
 217.000000   69.211556  
 218.000000   69.548362  
 219.000000   68.613433  
 220.000000   69.487574  
 221.000000   68.611265  
 222.000000   68.891399  
 223.000000   68.765024  
 224.000000   69.426958  
 225.000000   69.285422  
 226.000000   69.987677  
 227.000000   69.984975  
 228.000000   69.375936  
 229.000000   68.637381  
 230.000000   69.500479  
 231.000000   68.943597  
 232.000000   68.265199  
 233.000000   68.391190  
 234.000000   68.244551  
 235.000000   68.878375  
 236.000000   68.032257  
 237.000000   68.058797  
 238.000000   67.661986  
 239.000000   68.165021  
 240.000000   67.658246  
 241.000000   66.917120  
 242.000000   66.207248  
 243.000000   66.593675  
 244.000000   67.469765  
 245.000000   66.853423  
 246.000000   66.752849  
 247.000000   66.486554  
 248.000000   67.338315  
 249.000000   66.709269  
 250.000000   65.731079  
 251.000000   65.886424  
 252.000000   66.633167  
 253.000000   67.372939  
 254.000000   67.048332  
 255.000000   66.666705  
 256.000000   65.775427  
 257.000000   66.245917  
 258.000000   66.922830  
 259.000000   67.894687  
 260.000000   67.485383  
 261.000000   67.382326  
 262.000000   68.115218  
 263.000000   67.939485  
 264.000000   68.524428  
 265.000000   67.581070  
 266.000000   66.756950  
 267.000000   65.854120  
 268.000000   65.592328  
 269.000000   65.599771  
 270.000000   64.746216  
 271.000000   65.087672  
 272.000000   64.132212  
 273.000000   63.251843  
 274.000000   62.903982  
 275.000000   62.778707  
 276.000000   62.182892  
 277.000000   62.693186  
 278.000000   62.768969  
 279.000000   62.150628  
 280.000000   62.018027  
 281.000000   62.338111  
 282.000000   62.390562  
 283.000000   61.487559  
 284.000000   61.866045  
 285.000000   62.246580  
 286.000000   62.975808  
 287.000000   63.877800  
 288.000000   63.502882  
 289.000000   62.579351  
 290.000000   62.365967  
 291.000000   62.717963  
 292.000000   62.788214  
 293.000000   62.323348  
 294.000000   62.083577  
 295.000000   62.982305  
 296.000000   62.501621  
 297.000000   62.816930  
 298.000000   62.887569  
 299.000000   61.946108  
 300.000000   62.725276  

########################################
# Reactor 8 Data
########################################
 Time(min)    Impurity(mg/L)
 0.000000     76.869273  
 1.000000     77.149220  
 2.000000     77.439510  
 3.000000     77.195489  
 4.000000     77.253065  
 5.000000     76.924481  
 6.000000     77.471391  
 7.000000     76.485005  
 8.000000     76.365380  
 9.000000     75.699587  
 10.000000    76.017048  
 11.000000    76.297923  
 12.000000    77.028912  
 13.000000    76.464692  
 14.000000    75.995970  
 15.000000    76.852121  
 16.000000    77.299229  
 17.000000    77.094212  
 18.000000    76.428286  
 19.000000    77.300282  
 20.000000    78.069066  
 21.000000    77.864736  
 22.000000    78.807459  
 23.000000    79.735212  
 24.000000    79.621673  
 25.000000    78.853782  
 26.000000    78.105372  
 27.000000    78.783304  
 28.000000    78.321462  
 29.000000    78.670501  
 30.000000    79.009402  
 31.000000    79.574787  
 32.000000    79.990590  
 33.000000    79.268545  
 34.000000    79.534611  
 35.000000    78.993382  
 36.000000    79.758411  
 37.000000    79.178244  
 38.000000    79.459330  
 39.000000    80.142367  
 40.000000    79.616567  
 41.000000    79.082512  
 42.000000    80.048328  
 43.000000    79.818970  
 44.000000    79.913882  
 45.000000    80.465925  
 46.000000    79.564177  
 47.000000    79.208508  
 48.000000    78.857261  
 49.000000    79.658365  
 50.000000    79.000575  
 51.000000    79.383305  
 52.000000    78.633259  
 53.000000    78.767900  
 54.000000    79.495013  
 55.000000    79.859860  
 56.000000    80.406518  
 57.000000    81.015522  
 58.000000    80.248987  
 59.000000    79.436753  
 60.000000    79.226022  
 61.000000    80.164609  
 62.000000    80.317339  
 63.000000    79.766893  
 64.000000    79.261292  
 65.000000    80.104747  
 66.000000    80.771703  
 67.000000    81.011252  
 68.000000    80.422387  
 69.000000    79.748427  
 70.000000    78.859580  
 71.000000    79.409742  
 72.000000    78.977215  
 73.000000    79.792869  
 74.000000    79.117463  
 75.000000    78.924672  
 76.000000    78.378183  
 77.000000    77.822028  
 78.000000    78.665075  
 79.000000    78.664998  
 80.000000    79.079835  
 81.000000    79.813979  
 82.000000    79.245112  
 83.000000    79.579389  
 84.000000    79.707958  
 85.000000    79.796723  
 86.000000    80.169412  
 87.000000    79.609039  
 88.000000    78.799811  
 89.000000    77.967235  
 90.000000    78.235157  
 91.000000    77.855259  
 92.000000    78.527440  
 93.000000    78.718794  
 94.000000    79.474754  
 95.000000    79.475642  
 96.000000    80.349820  
 97.000000    81.008212  
 98.000000    81.138232  
 99.000000    80.668156  
 100.000000   80.262769  
 101.000000   80.169786  
 102.000000   80.062829  
 103.000000   80.946548  
 104.000000   81.171772  
 105.000000   81.543524  
 106.000000   82.110437  
 107.000000   81.470790  
 108.000000   81.464452  
 109.000000   81.083705  
 110.000000   81.090122  
 111.000000   81.756147  
 112.000000   81.109074  
 113.000000   80.140116  
 114.000000   80.820002  
 115.000000   81.707730  
 116.000000   81.337245  
 117.000000   81.285225  
 118.000000   81.420346  
 119.000000   81.037420  
 120.000000   81.461777  
 121.000000   80.515003  
 122.000000   80.714808  
 123.000000   80.557409  
 124.000000   80.877245  
 125.000000   80.923041  
 126.000000   81.434128  
 127.000000   80.992512  
 128.000000   81.344210  
 129.000000   81.107830  
 130.000000   81.067195  
 131.000000   80.644344  
 132.000000   79.685232  
 133.000000   80.392535  
 134.000000   81.274181  
 135.000000   81.112958  
 136.000000   81.766905  
 137.000000   82.735019  
 138.000000   82.425458  
 139.000000   82.718415  
 140.000000   82.103969  
 141.000000   81.360597  
 142.000000   81.381077  
 143.000000   81.348443  
 144.000000   81.722313  
 145.000000   81.605175  
 146.000000   81.090266  
 147.000000   81.862739  
 148.000000   82.139673  
 149.000000   82.460056  
 150.000000   82.299053  
 151.000000   81.846460  
 152.000000   82.456313  
 153.000000   82.662367  
 154.000000   82.847857  
 155.000000   82.132800  
 156.000000   81.967883  
 157.000000   82.375757  
 158.000000   81.984574  
 159.000000   81.958299  
 160.000000   81.681988  
 161.000000   80.822116  
 162.000000   80.886934  
 163.000000   80.568340  
 164.000000   80.697692  
 165.000000   80.884508  
 166.000000   81.227972  
 167.000000   80.667611  
 168.000000   80.022255  
 169.000000   80.465617  
 170.000000   80.720310  
 171.000000   81.427731  
 172.000000   82.169253  
 173.000000   81.623219  
 174.000000   82.071552  
 175.000000   81.476690  
 176.000000   81.451627  
 177.000000   81.069953  
 178.000000   81.710824  
 179.000000   80.795410  
 180.000000   80.271904  

########################################
# Reactor 9 Data
########################################
 Time(min)    Impurity(mg/L)
 0.000000     73.545617  
 1.000000     74.351191  
 2.000000     73.787873  
 3.000000     74.654086  
 4.000000     75.411859  
 5.000000     75.272120  
 6.000000     75.068555  
 7.000000     75.629883  
 8.000000     75.775730  
 9.000000     75.358983  
 10.000000    74.568278  
 11.000000    75.505388  
 12.000000    75.839239  
 13.000000    75.529397  
 14.000000    74.633775  
 15.000000    74.359154  
 16.000000    74.408753  
 17.000000    75.045677  
 18.000000    74.580138  
 19.000000    73.938841  
 20.000000    73.019820  
 21.000000    73.894703  
 22.000000    72.943271  
 23.000000    73.091965  
 24.000000    72.515081  
 25.000000    72.832313  
 26.000000    73.379636  
 27.000000    73.981877  
 28.000000    73.003303  
 29.000000    73.763075  
 30.000000    73.127729  
 31.000000    73.708250  
 32.000000    72.890812  
 33.000000    72.461854  
 34.000000    71.850428  
 35.000000    72.625314  
 36.000000    72.816283  
 37.000000    72.250053  
 38.000000    71.305212  
 39.000000    71.254419  
 40.000000    70.955357  
 41.000000    70.150534  
 42.000000    71.028089  
 43.000000    70.267244  
 44.000000    69.477306  
 45.000000    70.097040  
 46.000000    69.391084  
 47.000000    69.823869  
 48.000000    70.208160  
 49.000000    70.405284  
 50.000000    70.201579  
 51.000000    69.862968  
 52.000000    70.848287  
 53.000000    71.463515  
 54.000000    72.159688  
 55.000000    71.741476  
 56.000000    71.589575  
 57.000000    71.074147  
 58.000000    71.647313  
 59.000000    72.007510  
 60.000000    71.418516  
 61.000000    71.185711  
 62.000000    70.307901  
 63.000000    70.957008  
 64.000000    70.719530  
 65.000000    69.984125  
 66.000000    70.736883  
 67.000000    70.758315  
 68.000000    70.408118  
 69.000000    69.615056  
 70.000000    69.797568  
 71.000000    70.748010  
 72.000000    70.690192  
 73.000000    71.079201  
 74.000000    71.651172  
 75.000000    72.389854  
 76.000000    72.956033  
 77.000000    72.951572  
 78.000000    72.899955  
 79.000000    72.195898  
 80.000000    71.838709  
 81.000000    72.604678  
 82.000000    72.529129  
 83.000000    72.615984  
 84.000000    71.956667  
 85.000000    72.828893  
 86.000000    73.002143  
 87.000000    73.654823  
 88.000000    74.112876  
 89.000000    73.648020  
 90.000000    73.366033  
 91.000000    74.228838  
 92.000000    75.072265  
 93.000000    74.865133  
 94.000000    75.067002  
 95.000000    74.769349  
 96.000000    74.513506  
 97.000000    75.135863  
 98.000000    75.642007  
 99.000000    75.094933  
 100.000000   75.928774  
 101.000000   76.015135  
 102.000000   75.545345  
 103.000000   75.727450  
 104.000000   75.484251  
 105.000000   76.448092  
 106.000000   75.941401  
 107.000000   76.694756  
 108.000000   76.363146  
 109.000000   77.279286  
 110.000000   77.469775  
 111.000000   77.504079  
 112.000000   76.800631  
 113.000000   76.360719  
 114.000000   76.439467  
 115.000000   75.528913  
 116.000000   76.456135  
 117.000000   76.493641  
 118.000000   77.075999  
 119.000000   77.816064  
 120.000000   77.176670  

########################################
# Reactor 10 Data
########################################
 Time(min)    Impurity(mg/L)
 0.000000     71.512870  
 1.000000     71.530277  
 2.000000     70.545390  
 3.000000     71.104982  
 4.000000     70.949405  
 5.000000     71.874047  
 6.000000     70.977329  
 7.000000     70.637122  
 8.000000     70.791102  
 9.000000     70.825230  
 10.000000    70.499947  
 11.000000    69.910849  
 12.000000    70.114149  
 13.000000    69.118286  
 14.000000    69.599815  
 15.000000    68.767015  
 16.000000    68.391865  
 17.000000    68.784847  
 18.000000    69.598472  
 19.000000    70.047792  
 20.000000    70.485527  
 21.000000    70.148597  
 22.000000    70.624753  
 23.000000    70.074739  
 24.000000    69.333175  
 25.000000    69.615769  
 26.000000    69.084741  
 27.000000    69.100426  
 28.000000    68.861350  
 29.000000    69.466173  
 30.000000    69.320067  
 31.000000    70.283893  
 32.000000    69.602810  
 33.000000    69.047269  
 34.000000    69.754873  
 35.000000    70.412444  
 36.000000    71.327473  
 37.000000    71.022007  
 38.000000    71.184731  
 39.000000    70.618914  
 40.000000    71.407726  
 41.000000    72.244855  
 42.000000    71.800505  
 43.000000    72.712315  
 44.000000    71.737805  
 45.000000    71.011823  
 46.000000    71.537898  
 47.000000    71.522841  
 48.000000    72.188658  
 49.000000    72.505320  
 50.000000    72.729338  
 51.000000    71.980701  
 52.000000    71.935371  
 53.000000    71.017716  
 54.000000    70.352586  
 55.000000    70.957767  
 56.000000    70.088013  
 57.000000    69.803188  
 58.000000    69.369164  
 59.000000    68.578320  
 60.000000    68.627056  
 61.000000    68.116765  
 62.000000    67.775350  
 63.000000    66.896199  
 64.000000    67.725176  
 65.000000    67.268494  
 66.000000    67.327621  
 67.000000    67.907247  
 68.000000    67.720255  
 69.000000    66.886542  
 70.000000    66.555835  
 71.000000    67.152035  
 72.000000    66.799618  
 73.000000    67.064124  
 74.000000    66.608431  
 75.000000    67.102464  
 76.000000    66.323412  
 77.000000    66.776575  
 78.000000    66.384805  
 79.000000    67.324801  
 80.000000    66.941640  
 81.000000    66.981672  
 82.000000    67.933501  
 83.000000    68.476213  
 84.000000    69.236121  
 85.000000    69.086389  
 86.000000    68.779078  
 87.000000    69.347046  
 88.000000    68.705390  
 89.000000    68.675699  
 90.000000    69.140104  
 91.000000    69.371803  
 92.000000    69.558166  
 93.000000    70.189155  
 94.000000    70.608709  
 95.000000    71.277908  
 96.000000    71.877841  
 97.000000    71.184547  
 98.000000    70.232588  
 99.000000    70.021230  
 100.000000   69.335382  
 101.000000   69.619131  
 102.000000   68.957132  
 103.000000   68.432037  
 104.000000   67.991859  
 105.000000   68.850689  
 106.000000   68.885746  
 107.000000   69.219506  
 108.000000   69.947193  
 109.000000   70.703470  
 110.000000   69.963358  
 111.000000   70.287198  
 112.000000   70.389022  
 113.000000   70.987442  
 114.000000   71.262954  
 115.000000   71.699644  
 116.000000   71.850969  
 117.000000   72.534600  
 118.000000   72.142841  
 119.000000   72.898233  
 120.000000   73.883525  
 121.000000   73.457409  
 122.000000   73.961658  
 123.000000   73.466191  
 124.000000   73.899199  
 125.000000   74.314184  
 126.000000   73.628370  
 127.000000   73.257456  
 128.000000   73.849640  
 129.000000   73.791342  
 130.000000   73.134020  
 131.000000   73.406712  
 132.000000   72.566356  
 133.000000   72.332205  
 134.000000   73.116694  
 135.000000   73.028881  
 136.000000   73.825668  
 137.000000   73.912153  
 138.000000   73.267782  
 139.000000   73.962025  
 140.000000   74.077558  
 141.000000   75.031295  
 142.000000   74.187187  
 143.000000   74.551808  
 144.000000   74.409416  
 145.000000   74.390759  
 146.000000   74.412042  
 147.000000   74.874954  
 148.000000   74.637611  
 149.000000   74.892213  
 150.000000   74.509049  
 151.000000   74.885946  
 152.000000   75.824579  
 153.000000   76.473650  
 154.000000   75.517621  
 155.000000   74.788400  
 156.000000   75.092998  
 157.000000   75.343042  
 158.000000   74.680005  
 159.000000   74.326914  
 160.000000   73.845908  
 161.000000   73.734421  
 162.000000   74.238756  
 163.000000   74.184284  
 164.000000   74.734846  
 165.000000   73.947216  
 166.000000   73.844071  
 167.000000   73.926402  
 168.000000   74.477796  
 169.000000   75.323167  
 170.000000   75.542620  
 171.000000   75.714645  
 172.000000   75.432307  
 173.000000   75.284589  
 174.000000   74.557191  
 175.000000   75.205412  
 176.000000   75.187384  
 177.000000   74.380011  
 178.000000   74.003083  
 179.000000   73.293860  
 180.000000   74.000272  
 181.000000   74.642728  
 182.000000   75.330555  
 183.000000   74.506903  
 184.000000   75.271505  
 185.000000   75.297959  
 186.000000   74.375276  
 187.000000   73.972923  
 188.000000   74.446266  
 189.000000   75.397529  
 190.000000   75.991906  
 191.000000   75.746675  
 192.000000   75.401792  
 193.000000   75.154161  
 194.000000   74.425941  
 195.000000   73.763177  
 196.000000   73.549959  
 197.000000   72.819311  
 198.000000   72.562610  
 199.000000   71.777288  
 200.000000   72.643146  
 201.000000   71.964742  
 202.000000   71.139071  
 203.000000   70.179603  
 204.000000   70.675513  
 205.000000   71.040554  
 206.000000   71.724454  
 207.000000   72.167783  
 208.000000   72.763764  
 209.000000   72.558664  
 210.000000   73.074668  
 211.000000   73.477959  
 212.000000   72.620350  
 213.000000   71.942465  
 214.000000   71.022809  
 215.000000   71.329323  
 216.000000   71.200735  
 217.000000   70.428221  
 218.000000   69.859411  
 219.000000   69.420510  
 220.000000   69.922070  
 221.000000   68.982792  
 222.000000   69.683548  
 223.000000   69.878746  
 224.000000   70.549173  
 225.000000   70.813996  
 226.000000   70.435338  
 227.000000   69.614590  
 228.000000   69.470120  
 229.000000   69.854536  
 230.000000   69.757546  
 231.000000   68.767880  
 232.000000   69.439728  
 233.000000   68.760569  
 234.000000   68.294413  
 235.000000   67.549650  
 236.000000   66.842700  
 237.000000   65.986597  
 238.000000   66.705310  
 239.000000   67.361176  
 240.000000   67.876627  
